00111100000000001111111111111111
10001100001000000000000000000000
00111100000010000000000000000001
00111100000010010000000000000010
00111100000010100000000000000011
00111100000010110000000000000100
00111100000011000000000000000101
00111100000011010000000000000110
00111100000011100000000000000111
00000000000010000100010000000010
00000000000010010100110000000010
00000000000010100101010000000010
00000000000010110101110000000010
00000000000011000110010000000010
00000000000011010110110000000010
00000000000011100111010000000010
00000001001010001000000000100000
00000010000010101000000000100000
00000010000010111000000000100000
00000010000011001000000000100000
00000010000011011000000000100000
00000010000011101000000000100000
00100010000000110000000000000100
00100010000001000000000000000000
00000000000011000010000001000000
00010000001000100000000000000000
00100001010010101111111111111111
00010001010010011111111111111110
10101100001000000000000000000000
10101100001000010000000000000001
10101100001000100000000000000010
10101100001000110000000000000011
10101100001001000000000000000100
10101100001001010000000000000101
10101100001001100000000000000110
10101100001001110000000000000111
10101100001010000000000000001000
10101100001010010000000000001001
10101100001010100000000000001010
10101100001010110000000000001011
10101100001011000000000000001100
10101100001011010000000000001101
10101100001011100000000000001110
10101100001011110000000000001111